{
  "accessors": [
    {
      "bufferView": 0,
      "byteOffset": 0,
      "componentType": 5126,
      "count": 22967,
      "max": [
        97.34236896287679,
        180.34333839589542,
        20.622854878421688
      ],
      "min": [
        -97.34261472896672,
        -0.13015511334202107,
        -15.804090439617646
      ],
      "type": "VEC3"
    },
    {
      "bufferView": 0,
      "byteOffset": 275604,
      "componentType": 5126,
      "count": 22967,
      "max": [
        0.9999921917915344,
        0.9998275637626648,
        0.999970018863678
      ],
      "min": [
        -0.9999921917915344,
        -0.999985933303833,
        -0.9999556541442871
      ],
      "type": "VEC3"
    },
    {
      "bufferView": 0,
      "byteOffset": 551208,
      "componentType": 5126,
      "count": 22967,
      "max": [
        0.9965193867683411,
        0.9968996858224273
      ],
      "min": [
        0.0035705040208995342,
        0.0010933876037597656
      ],
      "type": "VEC2"
    },
    {
      "bufferView": 0,
      "byteOffset": 734944,
      "componentType": 5123,
      "count": 22967,
      "max": [
        51,
        25,
        25,
        25
      ],
      "min": [
        0,
        0,
        0,
        0
      ],
      "type": "VEC4"
    },
    {
      "bufferView": 0,
      "byteOffset": 918680,
      "componentType": 5126,
      "count": 22967,
      "max": [
        1,
        0.9984166026115417,
        0.932804524898529,
        0.42390578985214233
      ],
      "min": [
        0.0010151260066777468,
        0,
        0,
        0
      ],
      "type": "VEC4"
    },
    {
      "bufferView": 3,
      "byteOffset": 0,
      "componentType": 5123,
      "count": 103440,
      "max": [
        22966
      ],
      "min": [
        0
      ],
      "type": "SCALAR"
    },
    {
      "bufferView": 1,
      "byteOffset": 0,
      "componentType": 5126,
      "count": 52,
      "max": [
        1,
        0,
        0,
        0,
        0,
        1,
        0,
        0,
        0,
        0,
        1,
        0,
        93.62918667955306,
        0.11992627851143034,
        10.65025548155472,
        1
      ],
      "min": [
        1,
        0,
        0,
        0,
        0,
        1,
        0,
        0,
        0,
        0,
        1,
        0,
        -93.62921787522588,
        -159.95549235709663,
        -10.257656338910556,
        1
      ],
      "type": "MAT4"
    },
    {
      "bufferView": 0,
      "byteOffset": 1286152,
      "componentType": 5126,
      "count": 12473,
      "max": [
        94.527231115726,
        159.71926833474495,
        14.214861692853084
      ],
      "min": [
        -94.52747308250562,
        0.6489618400045697,
        -13.345479904949677
      ],
      "type": "VEC3"
    },
    {
      "bufferView": 0,
      "byteOffset": 1435828,
      "componentType": 5126,
      "count": 12473,
      "max": [
        1,
        1,
        1
      ],
      "min": [
        -1,
        -1,
        -1
      ],
      "type": "VEC3"
    },
    {
      "bufferView": 0,
      "byteOffset": 1585504,
      "componentType": 5126,
      "count": 12473,
      "max": [
        1,
        1
      ],
      "min": [
        0,
        0
      ],
      "type": "VEC2"
    },
    {
      "bufferView": 0,
      "byteOffset": 1685288,
      "componentType": 5123,
      "count": 12473,
      "max": [
        50,
        0,
        0,
        0
      ],
      "min": [
        0,
        0,
        0,
        0
      ],
      "type": "VEC4"
    },
    {
      "bufferView": 0,
      "byteOffset": 1785072,
      "componentType": 5126,
      "count": 12473,
      "max": [
        1,
        0,
        0,
        0
      ],
      "min": [
        1,
        0,
        0,
        0
      ],
      "type": "VEC4"
    },
    {
      "bufferView": 3,
      "byteOffset": 206880,
      "componentType": 5123,
      "count": 62520,
      "max": [
        12472
      ],
      "min": [
        0
      ],
      "type": "SCALAR"
    },
    {
      "bufferView": 1,
      "byteOffset": 3328,
      "componentType": 5126,
      "count": 52,
      "max": [
        1,
        0,
        0,
        0,
        0,
        1,
        0,
        0,
        0,
        0,
        1,
        0,
        93.62918667955306,
        0.11992627851143034,
        10.65025548155472,
        1
      ],
      "min": [
        1,
        0,
        0,
        0,
        0,
        1,
        0,
        0,
        0,
        0,
        1,
        0,
        -93.62921787522588,
        -159.95549235709663,
        -10.257656338910556,
        1
      ],
      "type": "MAT4"
    },
    {
      "bufferView": 2,
      "byteOffset": 0,
      "componentType": 5126,
      "count": 44,
      "max": [
        2.15
      ],
      "min": [
        0
      ],
      "type": "SCALAR"
    },
    {
      "bufferView": 2,
      "byteOffset": 176,
      "componentType": 5126,
      "count": 44,
      "max": [
        0.05899854749441147,
        92.25318908691406,
        -0.37746575474739075
      ],
      "min": [
        -6.299018383026123,
        85.1566162109375,
        -16.70570945739746
      ],
      "type": "VEC3"
    },
    {
      "bufferView": 2,
      "byteOffset": 704,
      "componentType": 5126,
      "count": 44,
      "max": [
        -0.0011776826043152755,
        -0.2539002611927913,
        0.019995199985728674,
        0.9666275371755708
      ],
      "min": [
        -0.04340790221489134,
        -0.3945596300491196,
        -0.0011890272757313703,
        0.9179131133588803
      ],
      "type": "VEC4"
    },
    {
      "bufferView": 2,
      "byteOffset": 1408,
      "componentType": 5126,
      "count": 44,
      "max": [
        0.10238687171126774,
        0.07865230539802315,
        0.004049267155427594,
        0.9960452336455787
      ],
      "min": [
        0.056803713085874306,
        0.055997182851206494,
        -0.021231093197814854,
        0.9930427197649353
      ],
      "type": "VEC4"
    },
    {
      "bufferView": 2,
      "byteOffset": 2112,
      "componentType": 5126,
      "count": 44,
      "max": [
        0.034177045888631456,
        0.012434336558012682,
        -0.002946230410975015,
        0.9998178786696733
      ],
      "min": [
        0.016116506685346567,
        0.0079527309892233,
        -0.015067683350927818,
        0.9993009711719066
      ],
      "type": "VEC4"
    },
    {
      "bufferView": 2,
      "byteOffset": 2816,
      "componentType": 5126,
      "count": 44,
      "max": [
        0.034298930785405024,
        0.012291897117720746,
        -0.0027192148266094625,
        0.9998177193954034
      ],
      "min": [
        0.016207619594664113,
        0.00786446360943991,
        -0.014810365524327488,
        0.9993004280453902
      ],
      "type": "VEC4"
    },
    {
      "bufferView": 2,
      "byteOffset": 3520,
      "componentType": 5126,
      "count": 44,
      "max": [
        0.027137514718463495,
        0.11576631196248709,
        0.045392120409831954,
        0.993539284653369
      ],
      "min": [
        -0.0002083605154325565,
        0.10697515126916789,
        0.02655037331311116,
        0.9923650799690549
      ],
      "type": "VEC4"
    },
    {
      "bufferView": 2,
      "byteOffset": 4224,
      "componentType": 5126,
      "count": 44,
      "max": [
        0.0719931586054767,
        0.1867882945230339,
        0.03269046834932632,
        0.9929699506156844
      ],
      "min": [
        0.021330185679551784,
        0.11058521443764799,
        -0.027735975094643678,
        0.9799197306764075
      ],
      "type": "VEC4"
    },
    {
      "bufferView": 2,
      "byteOffset": 4928,
      "componentType": 5126,
      "count": 44,
      "max": [
        0.015888074605289994,
        0.03542754487637558,
        -0.07047425390472838,
        0.997336341427562
      ],
      "min": [
        0.0059976190067918735,
        -0.010920273142398598,
        -0.08298413537630732,
        0.9963296792161577
      ],
      "type": "VEC4"
    },
    {
      "bufferView": 2,
      "byteOffset": 5632,
      "componentType": 5126,
      "count": 44,
      "max": [
        -0.3875986150975816,
        -0.16069595539946824,
        -0.3448774570759668,
        0.7954870795147553
      ],
      "min": [
        -0.5092797550379194,
        -0.25083608091551374,
        -0.432266017969767,
        0.7475124956950735
      ],
      "type": "VEC4"
    },
    {
      "bufferView": 2,
      "byteOffset": 6336,
      "componentType": 5126,
      "count": 45,
      "max": [
        2.2
      ],
      "min": [
        0
      ],
      "type": "SCALAR"
    },
    {
      "bufferView": 2,
      "byteOffset": 6516,
      "componentType": 5126,
      "count": 45,
      "max": [
        2.167908848955237e-7,
        -0.7572055414380279,
        3.5264196251836795e-7,
        0.6531766744266749
      ],
      "min": [
        -5.456968804235457e-7,
        -0.8281723880586189,
        -5.337954449874342e-7,
        0.5604734566928808
      ],
      "type": "VEC4"
    },
    {
      "bufferView": 2,
      "byteOffset": 7236,
      "componentType": 5126,
      "count": 44,
      "max": [
        0.06698981714119398,
        -0.041683393588900886,
        -0.07454609888214991,
        0.9947248054878006
      ],
      "min": [
        -0.027149805944282793,
        -0.08480310023444448,
        -0.17269428576612125,
        0.981889726017542
      ],
      "type": "VEC4"
    },
    {
      "bufferView": 2,
      "byteOffset": 7940,
      "componentType": 5126,
      "count": 44,
      "max": [
        0.04059317097860429,
        0.1742080084539796,
        -0.03019829975530032,
        0.9940719127602236
      ],
      "min": [
        0.013923787807407302,
        0.09886921678127691,
        -0.056205454683999845,
        0.9833009051768725
      ],
      "type": "VEC4"
    },
    {
      "bufferView": 2,
      "byteOffset": 8644,
      "componentType": 5126,
      "count": 44,
      "max": [
        -0.15673682804367234,
        0.49423828771122447,
        0.5296212707848373,
        0.7326560331683458
      ],
      "min": [
        -0.29719956237308237,
        0.40009278796988723,
        0.44478963091723217,
        0.6924835292773017
      ],
      "type": "VEC4"
    },
    {
      "bufferView": 2,
      "byteOffset": 9348,
      "componentType": 5126,
      "count": 45,
      "max": [
        6.080134552118427e-7,
        0.8013163107989295,
        0.0000011231390908819589,
        0.6711835523357815
      ],
      "min": [
        -9.457663896039638e-7,
        0.7412911972172376,
        -7.064997842800579e-7,
        0.5982408963347741
      ],
      "type": "VEC4"
    },
    {
      "bufferView": 2,
      "byteOffset": 10068,
      "componentType": 5126,
      "count": 44,
      "max": [
        -0.030602040386929017,
        0.21038976666638343,
        0.07982885554026384,
        0.9859877140711893
      ],
      "min": [
        -0.0938503773752317,
        0.1399775993535149,
        0.052435954112688955,
        0.9740343275099169
      ],
      "type": "VEC4"
    },
    {
      "bufferView": 2,
      "byteOffset": 10772,
      "componentType": 5126,
      "count": 44,
      "max": [
        -0.13956720836988515,
        -0.13525604759205986,
        -0.11318285175387081,
        0.9723236766718459
      ],
      "min": [
        -0.19962525502118036,
        -0.1594106841963764,
        -0.2112702812890514,
        0.946162262093786
      ],
      "type": "VEC4"
    },
    {
      "bufferView": 2,
      "byteOffset": 11476,
      "componentType": 5126,
      "count": 44,
      "max": [
        0.5180774476589715,
        -0.022995445257404608,
        -0.009896079464478529,
        0.9182590049915234
      ],
      "min": [
        0.38804230950411456,
        -0.09677865877775754,
        -0.09932744249699703,
        0.8511727299043063
      ],
      "type": "VEC4"
    },
    {
      "bufferView": 2,
      "byteOffset": 12180,
      "componentType": 5126,
      "count": 44,
      "max": [
        -0.1357574581156593,
        -0.004004799046117505,
        0.20239166262448113,
        0.9762480319694571
      ],
      "min": [
        -0.28268429360737685,
        -0.08629519142605212,
        0.10444966527676408,
        0.9409221589384178
      ],
      "type": "VEC4"
    },
    {
      "bufferView": 2,
      "byteOffset": 12884,
      "componentType": 5126,
      "count": 44,
      "max": [
        0.0175327300640873,
        0.00012794439918437399,
        0.018434082174594895,
        0.9999999935652364
      ],
      "min": [
        -0.02686531895284433,
        -0.00011718570783176013,
        -0.008131225451573082,
        0.9996158881014382
      ],
      "type": "VEC4"
    },
    {
      "bufferView": 2,
      "byteOffset": 13588,
      "componentType": 5126,
      "count": 44,
      "max": [
        -0.24761179237705197,
        0.12671685598910956,
        0.14991606437651467,
        0.9513899066206087
      ],
      "min": [
        -0.3294170842500928,
        0.07829424991733147,
        0.1203213753792451,
        0.9308753322832725
      ],
      "type": "VEC4"
    },
    {
      "bufferView": 2,
      "byteOffset": 14292,
      "componentType": 5126,
      "count": 44,
      "max": [
        0.49183064536871923,
        -0.06672535771561132,
        0.03808867331462309,
        0.9520639131213182
      ],
      "min": [
        0.28741526758652064,
        -0.10503210147492803,
        -0.0003742342798749152,
        0.8681167649694935
      ],
      "type": "VEC4"
    },
    {
      "bufferView": 2,
      "byteOffset": 14996,
      "componentType": 5126,
      "count": 44,
      "max": [
        0.09552408686838665,
        -0.06446969011228787,
        -0.10314857437998994,
        0.9856550236942347
      ],
      "min": [
        -0.1985879750850881,
        -0.14124897144221668,
        -0.20356718183855532,
        0.96771242825003
      ],
      "type": "VEC4"
    },
    {
      "bufferView": 2,
      "byteOffset": 15700,
      "componentType": 5126,
      "count": 44,
      "max": [
        -0.0030881995521726616,
        0.0024294028723907493,
        0.043992894084651596,
        0.9999952315003923
      ],
      "min": [
        -0.11426695857424028,
        -1.4741843865772606e-7,
        -8.553201162172295e-8,
        0.9926756593332268
      ],
      "type": "VEC4"
    }
  ],
  "animations": [
    {
      "channels": [
        {
          "sampler": 0,
          "target": {
            "node": 0,
            "path": "rotation"
          }
        },
        {
          "sampler": 1,
          "target": {
            "node": 0,
            "path": "translation"
          }
        },
        {
          "sampler": 2,
          "target": {
            "node": 1,
            "path": "rotation"
          }
        },
        {
          "sampler": 3,
          "target": {
            "node": 2,
            "path": "rotation"
          }
        },
        {
          "sampler": 4,
          "target": {
            "node": 3,
            "path": "rotation"
          }
        },
        {
          "sampler": 5,
          "target": {
            "node": 4,
            "path": "rotation"
          }
        },
        {
          "sampler": 6,
          "target": {
            "node": 5,
            "path": "rotation"
          }
        },
        {
          "sampler": 7,
          "target": {
            "node": 9,
            "path": "rotation"
          }
        },
        {
          "sampler": 8,
          "target": {
            "node": 10,
            "path": "rotation"
          }
        },
        {
          "sampler": 9,
          "target": {
            "node": 11,
            "path": "rotation"
          }
        },
        {
          "sampler": 10,
          "target": {
            "node": 12,
            "path": "rotation"
          }
        },
        {
          "sampler": 11,
          "target": {
            "node": 33,
            "path": "rotation"
          }
        },
        {
          "sampler": 12,
          "target": {
            "node": 34,
            "path": "rotation"
          }
        },
        {
          "sampler": 13,
          "target": {
            "node": 35,
            "path": "rotation"
          }
        },
        {
          "sampler": 14,
          "target": {
            "node": 36,
            "path": "rotation"
          }
        },
        {
          "sampler": 15,
          "target": {
            "node": 57,
            "path": "rotation"
          }
        },
        {
          "sampler": 16,
          "target": {
            "node": 58,
            "path": "rotation"
          }
        },
        {
          "sampler": 17,
          "target": {
            "node": 59,
            "path": "rotation"
          }
        },
        {
          "sampler": 18,
          "target": {
            "node": 60,
            "path": "rotation"
          }
        },
        {
          "sampler": 19,
          "target": {
            "node": 62,
            "path": "rotation"
          }
        },
        {
          "sampler": 20,
          "target": {
            "node": 63,
            "path": "rotation"
          }
        },
        {
          "sampler": 21,
          "target": {
            "node": 64,
            "path": "rotation"
          }
        },
        {
          "sampler": 22,
          "target": {
            "node": 65,
            "path": "rotation"
          }
        }
      ],
      "name": "mixamo.com",
      "samplers": [
        {
          "input": 14,
          "interpolation": "LINEAR",
          "output": 16
        },
        {
          "input": 14,
          "interpolation": "LINEAR",
          "output": 15
        },
        {
          "input": 14,
          "interpolation": "LINEAR",
          "output": 17
        },
        {
          "input": 14,
          "interpolation": "LINEAR",
          "output": 18
        },
        {
          "input": 14,
          "interpolation": "LINEAR",
          "output": 19
        },
        {
          "input": 14,
          "interpolation": "LINEAR",
          "output": 20
        },
        {
          "input": 14,
          "interpolation": "LINEAR",
          "output": 21
        },
        {
          "input": 14,
          "interpolation": "LINEAR",
          "output": 22
        },
        {
          "input": 14,
          "interpolation": "LINEAR",
          "output": 23
        },
        {
          "input": 24,
          "interpolation": "LINEAR",
          "output": 25
        },
        {
          "input": 14,
          "interpolation": "LINEAR",
          "output": 26
        },
        {
          "input": 14,
          "interpolation": "LINEAR",
          "output": 27
        },
        {
          "input": 14,
          "interpolation": "LINEAR",
          "output": 28
        },
        {
          "input": 24,
          "interpolation": "LINEAR",
          "output": 29
        },
        {
          "input": 14,
          "interpolation": "LINEAR",
          "output": 30
        },
        {
          "input": 14,
          "interpolation": "LINEAR",
          "output": 31
        },
        {
          "input": 14,
          "interpolation": "LINEAR",
          "output": 32
        },
        {
          "input": 14,
          "interpolation": "LINEAR",
          "output": 33
        },
        {
          "input": 14,
          "interpolation": "LINEAR",
          "output": 34
        },
        {
          "input": 14,
          "interpolation": "LINEAR",
          "output": 35
        },
        {
          "input": 14,
          "interpolation": "LINEAR",
          "output": 36
        },
        {
          "input": 14,
          "interpolation": "LINEAR",
          "output": 37
        },
        {
          "input": 14,
          "interpolation": "LINEAR",
          "output": 38
        }
      ]
    }
  ],
  "asset": {
    "generator": "ClayGL - fbx2gltf",
    "version": "2.0"
  },
  "bufferViews": [
    {
      "buffer": 0,
      "byteLength": 1984640,
      "byteOffset": 0,
      "target": 34962
    },
    {
      "buffer": 0,
      "byteLength": 6656,
      "byteOffset": 1984640,
      "target": 34962
    },
    {
      "buffer": 0,
      "byteLength": 16404,
      "byteOffset": 1991296,
      "target": 34962
    },
    {
      "buffer": 0,
      "byteLength": 331920,
      "byteOffset": 2007700,
      "target": 34963
    }
  ],
  "buffers": [
    {
      "byteLength": 2339620,
      "uri": "idle.bin"
    }
  ],
  "materials": [
    {
      "name": "Alpha_Body_MAT",
      "emissiveFactor": [
        0,
        0,
        0
      ],
      "alphaMode": "OPAQUE",
      "pbrMetallicRoughness": {
        "baseColorFactor": [
          1,
          1,
          1,
          1
        ],
        "metallicFactor": 0,
        "roughnessFactor": 1
      }
    },
    {
      "name": "Alpha_Joints_MAT",
      "emissiveFactor": [
        0,
        0,
        0
      ],
      "alphaMode": "OPAQUE",
      "pbrMetallicRoughness": {
        "baseColorFactor": [
          0.8392156862745098,
          0.8392156862745098,
          0.8392156862745098,
          1
        ],
        "metallicFactor": 0,
        "roughnessFactor": 1
      }
    }
  ],
  "meshes": [
    {
      "name": "Alpha_Surface",
      "primitives": [
        {
          "attributes": {
            "JOINTS_0": 3,
            "NORMAL": 1,
            "POSITION": 0,
            "TEXCOORD_0": 2,
            "WEIGHTS_0": 4
          },
          "indices": 5,
          "material": 0
        }
      ]
    },
    {
      "name": "Alpha_Joints",
      "primitives": [
        {
          "attributes": {
            "JOINTS_0": 10,
            "NORMAL": 8,
            "POSITION": 7,
            "TEXCOORD_0": 9,
            "WEIGHTS_0": 11
          },
          "indices": 12,
          "material": 1
        }
      ]
    }
  ],
  "nodes": [
    {
      "children": [
        1,
        57,
        62
      ],
      "matrix": [
        0.6914393315099316,
        0.0671283634452279,
        0.7193089973455526,
        0,
        0.0005854519891464084,
        0.9956212175647071,
        -0.0934775287485652,
        0,
        -0.7224342932662231,
        0.06505516087241522,
        0.6883723686761379,
        0,
        0.05899854749441147,
        85.21859741210938,
        -0.37746575474739075,
        1
      ],
      "name": "mixamorig:Hips"
    },
    {
      "children": [
        2
      ],
      "matrix": [
        0.991655066934192,
        -0.010611296527668151,
        -0.12848201667838566,
        0,
        0.031372230053355626,
        0.9865106510516538,
        0.16066274783882498,
        0,
        0.12504403786355606,
        -0.16335279534689467,
        0.9786111857357511,
        0,
        5.648319651996303e-7,
        9.92345905303955,
        -1.2273348569869986,
        1
      ],
      "name": "mixamorig:Spine"
    },
    {
      "children": [
        3
      ],
      "matrix": [
        0.9997230864604,
        -0.015309028860436932,
        -0.0178713187381907,
        0,
        0.01597769731867034,
        0.9991540663638181,
        0.03789280745787435,
        0,
        0.017276098705571563,
        -0.03816785694792008,
        0.9991219901040707,
        0,
        -0.00013886521628503345,
        11.64544010162355,
        -1.422341227531433,
        1
      ],
      "name": "mixamorig:Spine1"
    },
    {
      "children": [
        4,
        9,
        33
      ],
      "matrix": [
        0.9997311473512194,
        -0.01493453962228259,
        -0.017736756808531096,
        0,
        0.015602958364767112,
        0.9991496277177535,
        0.03816502484922195,
        0,
        0.017151696886368195,
        -0.03843150995920998,
        0.9991140266937363,
        0,
        0.00009144072100664147,
        13.360203742980957,
        -1.6264597177505493,
        1
      ],
      "name": "mixamorig:Spine2"
    },
    {
      "children": [
        5
      ],
      "matrix": [
        0.9704441600214081,
        0.07946880790484961,
        -0.22786583958664514,
        0,
        -0.07703481357057104,
        0.996836315473255,
        0.019570325798342933,
        0,
        0.22870017441727486,
        -0.001438305909059398,
        0.9734958456499032,
        0,
        0.00002520208181477912,
        15.032490730285645,
        0.792904794216156,
        1
      ],
      "name": "mixamorig:Neck"
    },
    {
      "children": [
        6,
        7,
        8
      ],
      "matrix": [
        0.9364269435230542,
        -0.017902502779184835,
        -0.35040559333194465,
        0,
        0.06762060168205099,
        0.9891828817853596,
        0.13017173506936197,
        0,
        0.34428481475695133,
        -0.14559095705795747,
        0.9275080805851341,
        0,
        0.0000023707482341706054,
        10.321830749511719,
        3.1424288749694824,
        1
      ],
      "name": "mixamorig:Head"
    },
    {
      "matrix": [
        1,
        -1.5612511283791264e-17,
        -6.938893903907228e-18,
        0,
        -2.7755575615628914e-17,
        1,
        -5.551115123125783e-17,
        0,
        -2.0816681711721685e-17,
        -2.7755575615628914e-17,
        0.9999999999999999,
        0,
        0.00015417259419336915,
        18.474672317504854,
        6.636399269104011,
        1
      ],
      "name": "mixamorig:HeadTop_End"
    },
    {
      "matrix": [
        1,
        -1.5612511283791264e-17,
        -6.938893903907228e-18,
        0,
        -2.7755575615628914e-17,
        1,
        -5.551115123125783e-17,
        0,
        -2.0816681711721685e-17,
        -2.7755575615628914e-17,
        0.9999999999999999,
        0,
        2.9479150772094727,
        7.681745529174805,
        9.120731353759773,
        1
      ],
      "name": "mixamorig:LeftEye"
    },
    {
      "matrix": [
        1,
        -1.5612511283791264e-17,
        -6.938893903907228e-18,
        0,
        -2.7755575615628914e-17,
        1,
        -5.551115123125783e-17,
        0,
        -2.0816681711721685e-17,
        -2.7755575615628914e-17,
        0.9999999999999999,
        0,
        -2.9444808959960938,
        7.681745529174805,
        9.120495796203617,
        1
      ],
      "name": "mixamorig:RightEye"
    },
    {
      "children": [
        10
      ],
      "matrix": [
        0.9867760627839428,
        -0.14888924904349726,
        -0.06407022269264084,
        0,
        0.1498226875635326,
        0.9886623821442622,
        0.009992818625098598,
        0,
        0.06185599573090084,
        -0.019459847175594375,
        0.9978953603159213,
        0,
        6.1058244705200195,
        9.110424041748033,
        0.7055508494377136,
        1
      ],
      "name": "mixamorig:LeftShoulder"
    },
    {
      "children": [
        11
      ],
      "matrix": [
        0.6201656781860718,
        -0.5087176419139935,
        0.5971606922809604,
        0,
        0.7797388324980521,
        0.3162571989718437,
        -0.5403598219640853,
        0,
        0.08603420653777111,
        0.8007419964657465,
        0.5927987604587803,
        0,
        12.655036926269528,
        -0.2659344971179962,
        -2.600921869277954,
        1
      ],
      "name": "mixamorig:LeftArm"
    },
    {
      "children": [
        12
      ],
      "matrix": [
        -0.28163934570778454,
        -3.0002037875419274e-7,
        0.9595203379549604,
        0,
        -4.3121544331808925e-8,
        0.999999999999954,
        3.000203787593969e-7,
        0,
        -0.959520337955006,
        4.312154432487003e-8,
        -0.28163934570778454,
        0,
        27.40468406677246,
        0.00003912667671812642,
        0.0000065881099544640165,
        1
      ],
      "name": "mixamorig:LeftForeArm"
    },
    {
      "children": [
        13,
        17,
        21,
        25,
        29
      ],
      "matrix": [
        0.9532012591495459,
        -0.27775395909064776,
        0.11941565125724518,
        0,
        0.27096640252745563,
        0.9600348021024955,
        0.07007415681513185,
        0,
        -0.13410655560803164,
        -0.03443714508337746,
        0.9903683732740339,
        0,
        27.614463806152358,
        0.000028951808424437786,
        0.000019646586217447748,
        1
      ],
      "name": "mixamorig:LeftHand"
    },
    {
      "children": [
        14
      ],
      "matrix": [
        0.7674184261228243,
        -0.6394690705407501,
        -0.04634940203407811,
        0,
        0.6376399016560008,
        0.7687747005766097,
        -0.04899811801967585,
        0,
        0.06696502865894144,
        0.00804783045881606,
        0.9977228660112053,
        0,
        12.775523185729995,
        0.0000133420244452509,
        0.0000204184579999378,
        1
      ],
      "name": "mixamorig:LeftHandMiddle1"
    },
    {
      "children": [
        15
      ],
      "matrix": [
        -0.10213931476574852,
        -0.9895928709562184,
        -0.10135832541934209,
        0,
        0.9895928608514499,
        -0.0906970940511452,
        -0.11171395115436639,
        0,
        0.1013584240752875,
        -0.11171386164352018,
        0.9885577792853927,
        0,
        3.613971471786499,
        0.0000026601378522173036,
        0.0000024623632270959206,
        1
      ],
      "name": "mixamorig:LeftHandMiddle2"
    },
    {
      "children": [
        16
      ],
      "matrix": [
        0.6255984008104257,
        -0.776085030666157,
        -0.0794900376106828,
        0,
        0.7760850306331881,
        0.629485379354317,
        -0.03794973525908685,
        0,
        0.07949003793257056,
        -0.03794973458485634,
        0.9961130214561081,
        0,
        3.459760189056425,
        5.432470899791042e-7,
        -0.00002641967876115814,
        1
      ],
      "name": "mixamorig:LeftHandMiddle3"
    },
    {
      "matrix": [
        0.9999999999999999,
        6.245004513516506e-17,
        -5.551115123125783e-17,
        0,
        -2.2551405187698492e-17,
        1.0000000000000002,
        6.245004513516506e-17,
        0,
        -5.551115123125783e-17,
        -4.163336342344337e-17,
        0.9999999999999999,
        0,
        3.6801924705505513,
        -8.559335640256904e-8,
        0.000032769246903541216,
        1
      ],
      "name": "mixamorig:LeftHandMiddle4"
    },
    {
      "children": [
        18
      ],
      "matrix": [
        0.9724428877558732,
        -0.09550612387264103,
        0.21268147628752754,
        0,
        0.11527259577060148,
        0.9898987100761015,
        -0.08253952055820322,
        0,
        -0.2026500893592843,
        0.10478131556959139,
        0.9736291990230059,
        0,
        3.7888095378875875,
        -2.1669967174529887,
        3.0030879974365234,
        1
      ],
      "name": "mixamorig:LeftHandThumb1"
    },
    {
      "children": [
        19
      ],
      "matrix": [
        0.7348458059966859,
        0.17488452938482066,
        -0.6552992009692449,
        0,
        -0.04374028052651579,
        0.9763928548196942,
        0.21152725809339237,
        0,
        0.67682230257915,
        -0.12677694758471145,
        0.7251476927444236,
        0,
        3.6754429340362407,
        -2.1220078468322754,
        2.122012376785271,
        1
      ],
      "name": "mixamorig:LeftHandThumb2"
    },
    {
      "children": [
        20
      ],
      "matrix": [
        0.8780748790962263,
        0.4609476175923363,
        -0.12849825110131707,
        0,
        -0.4572661041391838,
        0.8873972859832635,
        0.058598351810539184,
        0,
        0.1410397699428102,
        0.007304153988520589,
        0.9899769859087588,
        0,
        3.3943586349487447,
        -1.959744095802293,
        1.9597928524017405,
        1
      ],
      "name": "mixamorig:LeftHandThumb3"
    },
    {
      "matrix": [
        1.0000000000000004,
        -5.551115123125783e-17,
        1.1102230246251565e-16,
        0,
        0,
        0.9999999999999998,
        2.7755575615628914e-17,
        0,
        5.551115123125783e-17,
        8.326672684688674e-17,
        1,
        0,
        2.679404020309434,
        -1.5469446182250977,
        1.5469200611114502,
        1
      ],
      "name": "mixamorig:LeftHandThumb4"
    },
    {
      "children": [
        22
      ],
      "matrix": [
        0.6957745230010194,
        -0.716897214980574,
        -0.04422890792005535,
        0,
        0.7158420376924818,
        0.6971647826840455,
        -0.03913365376991507,
        0,
        0.05888964437810412,
        -0.0044327122853558415,
        0.9982546573128606,
        0,
        12.266614913940458,
        -0.2316688448190405,
        2.8220579624176025,
        1
      ],
      "name": "mixamorig:LeftHandIndex1"
    },
    {
      "children": [
        23
      ],
      "matrix": [
        0.03354749571248948,
        -0.9942355989404525,
        -0.10183388105606322,
        0,
        0.99423559790238,
        0.04358103592815232,
        -0.09796054905484214,
        0,
        0.10183389119108399,
        -0.09796053851908434,
        0.9899664597843372,
        0,
        3.891967296600342,
        0.0000016868665397851146,
        0.00003872154775308445,
        1
      ],
      "name": "mixamorig:LeftHandIndex2"
    },
    {
      "children": [
        24
      ],
      "matrix": [
        0.6291465971574185,
        -0.7732413091974548,
        -0.07919871865028477,
        0,
        0.7732413141597454,
        0.6329967314607037,
        -0.037589999156369305,
        0,
        0.07919867020190835,
        -0.0375901012325342,
        0.9961498656967118,
        0,
        3.4151611328124716,
        5.749108176189566e-7,
        -0.000008770532978985557,
        1
      ],
      "name": "mixamorig:LeftHandIndex3"
    },
    {
      "matrix": [
        0.9999999999999998,
        -2.0816681711721685e-17,
        0,
        0,
        -4.163336342344337e-17,
        1,
        0,
        0,
        5.551115123125783e-17,
        2.7755575615628914e-17,
        0.9999999999999999,
        0,
        3.0779855251312114,
        7.926918499379099e-8,
        -0.000008560385133193904,
        1
      ],
      "name": "mixamorig:LeftHandIndex4"
    },
    {
      "children": [
        26
      ],
      "matrix": [
        0.765404783940938,
        -0.6395391593782872,
        -0.07172991246363403,
        0,
        0.6377031762227466,
        0.76871525955068,
        -0.04910711526196443,
        0,
        0.0865458014911592,
        -0.008155572061192384,
        0.9962144904028489,
        0,
        12.147005081176772,
        0.009894982911646366,
        -2.2166292667388987,
        1
      ],
      "name": "mixamorig:LeftHandRing1"
    },
    {
      "children": [
        27
      ],
      "matrix": [
        -0.39704787228573835,
        -0.913021249059511,
        -0.09351569857076814,
        0,
        0.9130212711236471,
        -0.3825439584057281,
        -0.14160606753609187,
        0,
        0.09351548315186944,
        -0.14160620979705454,
        0.9854960861199729,
        0,
        3.6011905670165945,
        0.000001512936705694301,
        0.000035112192563246936,
        1
      ],
      "name": "mixamorig:LeftHandRing2"
    },
    {
      "children": [
        28
      ],
      "matrix": [
        0.45175329678174136,
        -0.8874997810496077,
        -0.09090158130487414,
        0,
        0.887499792088383,
        0.45744509559158236,
        -0.05557070777203446,
        0,
        0.09090147352988648,
        -0.05557088406806965,
        0.9943082011901482,
        0,
        3.307317018508911,
        0.000004531744245639402,
        -0.000020893265173071995,
        1
      ],
      "name": "mixamorig:LeftHandRing3"
    },
    {
      "matrix": [
        1.0000000000000004,
        6.938893903907228e-17,
        0,
        0,
        -4.85722573273506e-17,
        1.0000000000000004,
        2.7755575615628914e-17,
        0,
        0,
        -5.551115123125783e-17,
        1.0000000000000004,
        0,
        3.6601152420043945,
        0.000002906111149059143,
        4.547713672309328e-8,
        1
      ],
      "name": "mixamorig:LeftHandRing4"
    },
    {
      "children": [
        30
      ],
      "matrix": [
        0.6951775106487549,
        -0.7159819473009016,
        -0.06401624658952101,
        0,
        0.7013724101360171,
        0.6951034574053613,
        -0.1578224502506157,
        0,
        0.15749593959272545,
        0.06481538893135598,
        0.9853902751547139,
        0,
        10.908194541931152,
        -0.22636495530605316,
        -4.725817680358901,
        1
      ],
      "name": "mixamorig:LeftHandPinky1"
    },
    {
      "children": [
        31
      ],
      "matrix": [
        0.08661331084512389,
        -0.9910571011171811,
        -0.10150840708855313,
        0,
        0.9910570910115785,
        0.09609595441486342,
        -0.09258190914408462,
        0,
        0.10150850575253781,
        -0.09258180096706892,
        0.990517356430255,
        0,
        4.13665246963501,
        0.000002299953393958276,
        0.00002689843493897115,
        1
      ],
      "name": "mixamorig:LeftHandPinky2"
    },
    {
      "children": [
        32
      ],
      "matrix": [
        -0.4884906691489173,
        -0.8680278690863069,
        -0.08890716868693904,
        0,
        0.8680278625784645,
        -0.47303740208971606,
        -0.15087493500139276,
        0,
        0.08890723222497218,
        -0.1508748975598564,
        0.9845467329407973,
        0,
        2.594835996627779,
        5.939040192970424e-8,
        -0.000036009019808602716,
        1
      ],
      "name": "mixamorig:LeftHandPinky3"
    },
    {
      "matrix": [
        1,
        -2.0816681711721685e-17,
        0,
        0,
        5.204170427930421e-17,
        1,
        0,
        0,
        3.469446951953614e-17,
        0,
        0.9999999999999999,
        0,
        2.9238691329956126,
        0.000001440737719349272,
        0.000018732127507803398,
        1
      ],
      "name": "mixamorig:LeftHandPinky4"
    },
    {
      "children": [
        34
      ],
      "matrix": [
        0.9699849936292646,
        -0.08159334150204156,
        -0.22906688708009953,
        0,
        0.09120221548997755,
        0.9953289482137003,
        0.031661344531286884,
        0,
        0.22541354889126675,
        -0.05160243667057192,
        0.9728956370063051,
        0,
        -6.105696201324463,
        9.110508918762221,
        0.7055634260177612,
        1
      ],
      "name": "mixamorig:RightShoulder"
    },
    {
      "children": [
        35
      ],
      "matrix": [
        0.1013717006559045,
        0.6164224154233208,
        -0.7808631020030393,
        0,
        -0.8838386796760944,
        0.4161065637983206,
        0.21373936434913582,
        0,
        0.45667599741452136,
        0.6684898902209621,
        0.5869994037968168,
        0,
        -12.655040740966799,
        -0.26602062582971087,
        -2.6008958816528285,
        1
      ],
      "name": "mixamorig:RightArm"
    },
    {
      "children": [
        36
      ],
      "matrix": [
        -0.2754406144491985,
        -2.2006281808623074e-7,
        -0.9613180888300189,
        0,
        -0.0000010549628200184902,
        0.999999999999441,
        7.335427268384542e-8,
        0,
        0.961318088829465,
        0.0000010343595877940204,
        -0.27544061444927637,
        0,
        -27.40468406677246,
        0.00003288411242863276,
