{
  "accessors": [
    {
      "bufferView": 0,
      "byteOffset": 0,
      "componentType": 5126,
      "count": 224,
      "max": [
        -0.4,
        1.4,
        2
      ],
      "min": [
        -2,
        0,
        1.5
      ],
      "type": "VEC3"
    },
    {
      "bufferView": 0,
      "byteOffset": 2688,
      "componentType": 5126,
      "count": 224,
      "max": [
        1,
        1,
        1
      ],
      "min": [
        -1,
        -1,
        -1
      ],
      "type": "VEC3"
    },
    {
      "bufferView": 0,
      "byteOffset": 5376,
      "componentType": 5126,
      "count": 224,
      "max": [
        0.978516,
        0.5
      ],
      "min": [
        0.978516,
        0.5
      ],
      "type": "VEC2"
    },
    {
      "bufferView": 0,
      "byteOffset": 7168,
      "componentType": 5123,
      "count": 224,
      "max": [
        17,
        15,
        16,
        17
      ],
      "min": [
        0,
        0,
        0,
        0
      ],
      "type": "VEC4"
    },
    {
      "bufferView": 0,
      "byteOffset": 8960,
      "componentType": 5126,
      "count": 224,
      "max": [
        1.000000026077032,
        0.9202312231063843,
        0.8280608654022217,
        0.6906616687774658
      ],
      "min": [
        0.000037767706089653075,
        0,
        0,
        0
      ],
      "type": "VEC4"
    },
    {
      "bufferView": 3,
      "byteOffset": 0,
      "componentType": 5123,
      "count": 432,
      "max": [
        223
      ],
      "min": [
        0
      ],
      "type": "SCALAR"
    },
    {
      "bufferView": 1,
      "byteOffset": 0,
      "componentType": 5126,
      "count": 18,
      "max": [
        1,
        0.999989596092998,
        0.5090180170509174,
        0,
        0.16193406964159932,
        1,
        0.9999352953847802,
        0,
        0.98805817092315,
        0.8360815295556774,
        1,
        0,
        1.7889830002247415,
        1.3321476168636055,
        0.9806043552442382,
        1
      ],
      "min": [
        -0.9997969563633766,
        -0.9999656755222339,
        -0.49957871681769267,
        0,
        -0.16126586326348422,
        -0.9993423470364453,
        -0.9869004680965654,
        0,
        -0.9878917067755366,
        -0.3775415500640098,
        -0.014159955433090888,
        0,
        -1.872010813666091,
        -2.3196247010661395,
        -1.8862825555876213,
        1
      ],
      "type": "MAT4"
    },
    {
      "bufferView": 2,
      "byteOffset": 0,
      "componentType": 5126,
      "count": 14,
      "max": [
        0.65
      ],
      "min": [
        0
      ],
      "type": "SCALAR"
    },
    {
      "bufferView": 2,
      "byteOffset": 56,
      "componentType": 5126,
      "count": 14,
      "max": [
        0.03564905375242233,
        0.48586681485176086,
        -0.0971754863858223
      ],
      "min": [
        -0.016860248520970345,
        0.402703195810318,
        -0.23183992505073547
      ],
      "type": "VEC3"
    },
    {
      "bufferView": 2,
      "byteOffset": 224,
      "componentType": 5126,
      "count": 14,
      "max": [
        0.22794930308973158,
        0.09570616063033703,
        0.06539570890399511,
        0.9893729156507673
      ],
      "min": [
        0.1342943360133659,
        -0.10826931550811793,
        -0.03946632890057487,
        0.9712732641355654
      ],
      "type": "VEC4"
    },
    {
      "bufferView": 2,
      "byteOffset": 448,
      "componentType": 5126,
      "count": 14,
      "max": [
        0.17356100122189005,
        0.2281403898201174,
        0.05208042703779994,
        0.9874054666974871
      ],
      "min": [
        0.06846754825775994,
        -0.24272009596119304,
        -0.071876778120717,
        0.9643453551028071
      ],
      "type": "VEC4"
    },
    {
      "bufferView": 2,
      "byteOffset": 672,
      "componentType": 5126,
      "count": 14,
      "max": [
        0.025091567039698823,
        0.05040769078038408,
        0.011214261934358446,
        0.9997439834940102
      ],
      "min": [
        0.011184130921907308,
        -0.050992581929483825,
        -0.01251969820922926,
        0.9984190408688963
      ],
      "type": "VEC4"
    },
    {
      "bufferView": 2,
      "byteOffset": 896,
      "componentType": 5126,
      "count": 14,
      "max": [
        0.02462468567696529,
        0.050265882444970225,
        0.009196813823895566,
        0.9997612357546926
      ],
      "min": [
        0.010595420524462369,
        -0.05112437284837988,
        -0.011047452890196648,
        0.9985026121967099
      ],
      "type": "VEC4"
    },
    {
      "bufferView": 2,
      "byteOffset": 1120,
      "componentType": 5126,
      "count": 14,
      "max": [
        0.05551226394724604,
        0.08643356577366475,
        0.02026134114419224,
        0.9999279459198298
      ],
      "min": [
        -0.02085665850491914,
        -0.056224341933755466,
        -0.029484289776462135,
        0.9957672998596124
      ],
      "type": "VEC4"
    },
    {
      "bufferView": 2,
      "byteOffset": 1344,
      "componentType": 5126,
      "count": 14,
      "max": [
        -0.1985387153225462,
        0.12035279705624576,
        0.027549897707086553,
        0.9788975457715966
      ],
      "min": [
        -0.23732465236704758,
        -0.178208743424645,
        -0.04046735331073114,
        0.9582639037389062
      ],
      "type": "VEC4"
    },
    {
      "bufferView": 2,
      "byteOffset": 1568,
      "componentType": 5126,
      "count": 14,
      "max": [
        0.6899437151511838,
        0.3610611167867928,
        0.6919257195666865,
        0.4221880499747261
      ],
      "min": [
        -0.6122027095530972,
        -0.3860781198740341,
        -0.6267854000876198,
        -0.32219675865629643
      ],
      "type": "VEC4"
    },
    {
      "bufferView": 2,
      "byteOffset": 1792,
      "componentType": 5126,
      "count": 14,
      "max": [
        0.33639341359954156,
        0.17698790942013048,
        0.30063071423638427,
        0.9604745104030027
      ],
      "min": [
        0.07189121971889827,
        -0.3820523596151119,
        -0.23929034147646416,
        0.886664176208709
      ],
      "type": "VEC4"
    },
    {
      "bufferView": 2,
      "byteOffset": 2016,
      "componentType": 5126,
      "count": 14,
      "max": [
        0.25699993728889126,
        -0.0986171888831648,
        0.5542021300234931,
        0.8818780548028161
      ],
      "min": [
        0.06350731175421043,
        -0.2064862123202481,
        0.4158088369908875,
        0.7704569857029447
      ],
      "type": "VEC4"
    },
    {
      "bufferView": 2,
      "byteOffset": 2240,
      "componentType": 5126,
      "count": 14,
      "max": [
        0.6392780737913833,
        -0.334696443406333,
        0.6901935034978793,
        0.43590162706768554
      ],
      "min": [
        0.52463017413973,
        -0.46446229171909376,
        0.5340685578871198,
        0.18713022654414546
      ],
      "type": "VEC4"
    },
    {
      "bufferView": 2,
      "byteOffset": 2464,
      "componentType": 5126,
      "count": 14,
      "max": [
        0.30907202880143364,
        0.188229803943795,
        -0.1338840229595766,
        0.9459845269485805
      ],
      "min": [
        0.08430876436920136,
        -0.0358536890637843,
        -0.3697824830472014,
        0.9107982282583122
      ],
      "type": "VEC4"
    },
    {
      "bufferView": 2,
      "byteOffset": 2688,
      "componentType": 5126,
      "count": 14,
      "max": [
        0.19114194131395745,
        0.21175457751301285,
        -0.48200948586748515,
        0.8540652158701095
      ],
      "min": [
        0.10388075541535997,
        0.0901373466882995,
        -0.6439320695296745,
        0.7447126488810011
      ],
      "type": "VEC4"
    },
    {
      "bufferView": 2,
      "byteOffset": 2912,
      "componentType": 5126,
      "count": 14,
      "max": [
        0.1371418243967783,
        0.8256658449463156,
        0.9788136216187234,
        -0.09593953392054105
      ],
      "min": [
        -0.1054194211497811,
        -0.5051085074330184,
        0.5270539372838104,
        -0.29528760842094604
      ],
      "type": "VEC4"
    },
    {
      "bufferView": 2,
      "byteOffset": 3136,
      "componentType": 5126,
      "count": 14,
      "max": [
        0.9606565579824505,
        0.1550970632351317,
        0.031087565291658275,
        0.9194439444156751
      ],
      "min": [
        -0.8561338942878984,
        -0.41901332346018644,
        -0.1899706162622267,
        -0.4768839272024817
      ],
      "type": "VEC4"
    },
    {
      "bufferView": 2,
      "byteOffset": 3360,
      "componentType": 5126,
      "count": 14,
      "max": [
        0.9992590521128952,
        0.1994657480491779,
        0.1468421660010374,
        0.8112708174444615
      ],
      "min": [
        0.5498663842746095,
        -0.08167310879308898,
        -0.14857978920142245,
        0.01902039869494509
      ],
      "type": "VEC4"
    },
    {
      "bufferView": 2,
      "byteOffset": 3584,
      "componentType": 5126,
      "count": 14,
      "max": [
        0.20243796520621699,
        -0.009446752190894154,
        0.13051496337350585,
        0.9997914449634702
      ],
      "min": [
        -0.18545387050205267,
        -0.19203075782441228,
        -0.08551915094391799,
        0.9625650533450013
      ],
      "type": "VEC4"
    },
    {
      "bufferView": 2,
      "byteOffset": 3808,
      "componentType": 5126,
      "count": 14,
      "max": [
        0.03008569903771232,
        0.7747953555189723,
        0.9798207077973518,
        0.3181512706994017
      ],
      "min": [
        -0.1196749857499738,
        -0.4540608584021541,
        0.6091740635056279,
        0.1055573064317063
      ],
      "type": "VEC4"
    },
    {
      "bufferView": 2,
      "byteOffset": 4032,
      "componentType": 5126,
      "count": 14,
      "max": [
        0.9660021304101323,
        0.42310693557645224,
        0.10993326867700152,
        0.9693996243155392
      ],
      "min": [
        -0.8197828277073482,
        -0.10906767919481707,
        -0.09655176417271916,
        -0.4825918702797555
      ],
      "type": "VEC4"
    },
    {
      "bufferView": 2,
      "byteOffset": 4256,
      "componentType": 5126,
      "count": 14,
      "max": [
        0.99792932512867,
        0.10367537718493001,
        0.1716186544620831,
        0.8371444041202364
      ],
      "min": [
        0.5072680647949966,
        -0.18892799962452564,
        -0.13176717310033917,
        0.03059931923848463
      ],
      "type": "VEC4"
    },
    {
      "bufferView": 2,
      "byteOffset": 4480,
      "componentType": 5126,
      "count": 14,
      "max": [
        0.1933601641962719,
        0.21184781758751228,
        0.06414182417063424,
        0.9996225500602476
      ],
      "min": [
        -0.11849401028405586,
        -0.04224815268689721,
        -0.06283630862082787,
        0.9571483691592536
      ],
      "type": "VEC4"
    }
  ],
  "animations": [
    {
      "channels": [
        {
          "sampler": 0,
          "target": {
            "node": 1,
            "path": "rotation"
          }
        },
        {
          "sampler": 1,
          "target": {
            "node": 1,
            "path": "translation"
          }
        },
        {
          "sampler": 2,
          "target": {
            "node": 2,
            "path": "rotation"
          }
        },
        {
          "sampler": 3,
          "target": {
            "node": 3,
            "path": "rotation"
          }
        },
        {
          "sampler": 4,
          "target": {
            "node": 4,
            "path": "rotation"
          }
        },
        {
          "sampler": 5,
          "target": {
            "node": 5,
            "path": "rotation"
          }
        },
        {
          "sampler": 6,
          "target": {
            "node": 6,
            "path": "rotation"
          }
        },
        {
          "sampler": 7,
          "target": {
            "node": 8,
            "path": "rotation"
          }
        },
        {
          "sampler": 8,
          "target": {
            "node": 9,
            "path": "rotation"
          }
        },
        {
          "sampler": 9,
          "target": {
            "node": 10,
            "path": "rotation"
          }
        },
        {
          "sampler": 10,
          "target": {
            "node": 12,
            "path": "rotation"
          }
        },
        {
          "sampler": 11,
          "target": {
            "node": 13,
            "path": "rotation"
          }
        },
        {
          "sampler": 12,
          "target": {
            "node": 14,
            "path": "rotation"
          }
        },
        {
          "sampler": 13,
          "target": {
            "node": 16,
            "path": "rotation"
          }
        },
        {
          "sampler": 14,
          "target": {
            "node": 17,
            "path": "rotation"
          }
        },
        {
          "sampler": 15,
          "target": {
            "node": 18,
            "path": "rotation"
          }
        },
        {
          "sampler": 16,
          "target": {
            "node": 19,
            "path": "rotation"
          }
        },
        {
          "sampler": 17,
          "target": {
            "node": 21,
            "path": "rotation"
          }
        },
        {
          "sampler": 18,
          "target": {
            "node": 22,
            "path": "rotation"
          }
        },
        {
          "sampler": 19,
          "target": {
            "node": 23,
            "path": "rotation"
          }
        },
        {
          "sampler": 20,
          "target": {
            "node": 24,
            "path": "rotation"
          }
        }
      ],
      "name": "mixamo.com",
      "samplers": [
        {
          "input": 7,
          "interpolation": "LINEAR",
          "output": 9
        },
        {
          "input": 7,
          "interpolation": "LINEAR",
          "output": 8
        },
        {
          "input": 7,
          "interpolation": "LINEAR",
          "output": 10
        },
        {
          "input": 7,
          "interpolation": "LINEAR",
          "output": 11
        },
        {
          "input": 7,
          "interpolation": "LINEAR",
          "output": 12
        },
        {
          "input": 7,
          "interpolation": "LINEAR",
          "output": 13
        },
        {
          "input": 7,
          "interpolation": "LINEAR",
          "output": 14
        },
        {
          "input": 7,
          "interpolation": "LINEAR",
          "output": 15
        },
        {
          "input": 7,
          "interpolation": "LINEAR",
          "output": 16
        },
        {
          "input": 7,
          "interpolation": "LINEAR",
          "output": 17
        },
        {
          "input": 7,
          "interpolation": "LINEAR",
          "output": 18
        },
        {
          "input": 7,
          "interpolation": "LINEAR",
          "output": 19
        },
        {
          "input": 7,
          "interpolation": "LINEAR",
          "output": 20
        },
        {
          "input": 7,
          "interpolation": "LINEAR",
          "output": 21
        },
        {
          "input": 7,
          "interpolation": "LINEAR",
          "output": 22
        },
        {
          "input": 7,
          "interpolation": "LINEAR",
          "output": 23
        },
        {
          "input": 7,
          "interpolation": "LINEAR",
          "output": 24
        },
        {
          "input": 7,
          "interpolation": "LINEAR",
          "output": 25
        },
        {
          "input": 7,
          "interpolation": "LINEAR",
          "output": 26
        },
        {
          "input": 7,
          "interpolation": "LINEAR",
          "output": 27
        },
        {
          "input": 7,
          "interpolation": "LINEAR",
          "output": 28
        }
      ]
    }
  ],
  "asset": {
    "generator": "ClayGL - fbx2gltf",
    "version": "2.0"
  },
  "bufferViews": [
    {
      "buffer": 0,
      "byteLength": 12544,
      "byteOffset": 0,
      "target": 34962
    },
    {
      "buffer": 0,
      "byteLength": 1152,
      "byteOffset": 12544,
      "target": 34962
    },
    {
      "buffer": 0,
      "byteLength": 4704,
      "byteOffset": 13696,
      "target": 34962
    },
    {
      "buffer": 0,
      "byteLength": 864,
      "byteOffset": 18400,
      "target": 34963
    }
  ],
  "buffers": [
    {
      "byteLength": 19264,
      "uri": "kib.bin"
    }
  ],
  "materials": [
    {
      "name": "DEFAULT_MAT_0",
      "emissiveFactor": [
        0,
        0,
        0
      ],
      "alphaMode": "OPAQUE",
      "pbrMetallicRoughness": {
        "baseColorFactor": [
          0.8,
          0.8,
          0.8,
          1
        ],
        "metallicFactor": 0,
        "roughnessFactor": 1
      }
    }
  ],
  "meshes": [
    {
      "name": "unamedmesh",
      "primitives": [
        {
          "attributes": {
            "JOINTS_0": 3,
            "NORMAL": 1,
            "POSITION": 0,
            "TEXCOORD_0": 2,
            "WEIGHTS_0": 4
          },
          "indices": 5,
          "material": 0
        }
      ]
    }
  ],
  "nodes": [
    {
      "matrix": [
        1,
        0,
        0,
        0,
        0,
        1,
        0,
        0,
        0,
        0,
        1,
        0,
        0,
        0,
        0,
        1
      ],
      "mesh": 0,
      "name": "unamed",
      "skin": 0
    },
    {
      "children": [
        2,
        16,
        21
      ],
      "matrix": [
        0.9739603391681625,
        0.06126404000245183,
        0.2182841614272913,
        0,
        -0.13064496399138742,
        0.9385323873796917,
        0.3195134601594511,
        0,
        -0.1852920697469993,
        -0.3397111644352508,
        0.9220971606327172,
        0,
        -0.016860248520970345,
        0.4587233066558838,
        -0.0971754863858223,
        1
      ],
      "name": "mixamorig:Hips"
    },
    {
      "children": [
        3
      ],
      "matrix": [
        0.988166606301672,
        -0.07479964486020255,
        -0.13390956395651604,
        0,
        0.11617565597303807,
        0.9350237641154898,
        0.3350131004879297,
        0,
        0.10014976360167313,
        -0.34660579000947017,
        0.9326491576056026,
        0,
        -3.469446951953614e-18,
        0.06656360626220703,
        -0.009558439254760798,
        1
      ],
      "name": "mixamorig:Spine"
    },
    {
      "children": [
        4
      ],
      "matrix": [
        0.9994272408177638,
        -0.005520496089354197,
        -0.033387339431565174,
        0,
        0.006731168081054464,
        0.9993197782186019,
        0.03625840919550083,
        0,
        0.03316446422989089,
        -0.036462377652193845,
        0.9987845680267053,
        0,
        3.469446951953614e-18,
        0.07845405489206314,
        0,
        1
      ],
      "name": "mixamorig:Spine1"
    },
    {
      "children": [
        5,
        8,
        12
      ],
      "matrix": [
        0.9993877725291913,
        -0.006979555964175347,
        -0.034283610044519436,
        0,
        0.008211183784783999,
        0.9993210685801254,
        0.035916268635934556,
        0,
        0.0340096542175046,
        -0.03617578873250843,
        0.9987665671865409,
        0,
        2.168404344971009e-19,
        0.08966181427240377,
        -5.551115123125783e-17,
        1
      ],
      "name": "mixamorig:Spine2"
    },
    {
      "children": [
        6
      ],
      "matrix": [
        0.9995738549736339,
        -0.01458357254476823,
        -0.025286910941831817,
        0,
        0.013516198319527495,
        0.9990312359456655,
        -0.0418796130338292,
        0,
        0.025873168266291866,
        0.041519983341850475,
        0.9988026182120053,
        0,
        -6.938893903907228e-18,
        0.10086958855390554,
        -3.7895425408773775e-8,
        1
      ],
      "name": "mixamorig:Neck"
    },
    {
      "children": [
        7
      ],
      "matrix": [
        0.9937716332427917,
        -0.061389372313934126,
        0.09300153723920794,
        0,
        0.0960514783906338,
        0.8950147296770902,
        -0.4355717474309123,
        0,
        -0.05649826953923639,
        0.44179178198326197,
        0.8953367896557842,
        0,
        0,
        0.09559917449951172,
        0.02781367301940918,
        1
      ],
      "name": "mixamorig:Head"
    },
    {
      "matrix": [
        0.9999999999999999,
        2.168404344971009e-18,
        0,
        0,
        2.168404344971009e-18,
        1,
        5.551115123125783e-17,
        0,
        -1.734723475976807e-18,
        -2.7755575615628914e-17,
        1,
        0,
        0,
        0.4537423849105834,
        0.13201200962066645,
        1
      ],
      "name": "mixamorig:HeadTop_End"
    },
    {
      "children": [
        9
      ],
      "matrix": [
        -0.255635032086692,
        0.09678014413891056,
        -0.961917009970449,
        0,
        0.7677694275771443,
        -0.5843374791414095,
        -0.2628303950241039,
        0,
        -0.5875209242638935,
        -0.8057191285870744,
        0.07507229436340618,
        0,
        0.10017490386962892,
        0.057936728000640925,
        -0.006305423099547625,
        1
      ],
      "name": "mixamorig:LeftShoulder"
    },
    {
      "children": [
        10
      ],
      "matrix": [
        0.9808211889253358,
        0.19427444649768078,
        -0.01572370163513165,
        0,
        -0.14494566924243402,
        0.7809498654535318,
        0.6075426409857771,
        0,
        0.13030943297763842,
        -0.5936116129980362,
        0.7941314151895235,
        0,
        -1.6653345369377348e-16,
        0.21834036707878113,
        0,
        1
      ],
      "name": "mixamorig:LeftArm"
    },
    {
      "children": [
        11
      ],
      "matrix": [
        0.5634841643780909,
        0.7794949189696913,
        0.2736298006350202,
        0,
        -0.8106586180654473,
        0.5855173956022998,
        0.0014086885100004255,
        0,
        -0.15911694269103666,
        -0.2226141297122357,
        0.9618340541908054,
        0,
        2.220446049250313e-16,
        0.180854246020317,
        0,
        1
      ],
      "name": "mixamorig:LeftForeArm"
    },
    {
      "matrix": [
        1.0000000000000004,
        -2.7755575615628914e-17,
        0,
        0,
        0,
        1,
        3.8163916471489756e-17,
        0,
        0,
        3.122502256758253e-17,
        1.0000000000000002,
        0,
        -2.220446049250313e-16,
        0.1648799628019333,
        0,
        1
      ],
      "name": "mixamorig:LeftHand"
    },
    {
      "children": [
        13
      ],
      "matrix": [
        0.1612807112528244,
        0.007801951083507508,
        0.9868777339351997,
        0,
        -0.923403462311244,
        -0.3517187033395687,
        0.15368799404227662,
        0,
        0.3483024231460203,
        -0.9360732253837962,
        -0.049521093992233034,
        0,
        -0.10017490386962893,
        0.05789722874760633,
        -0.006030367687344551,
        1
      ],
      "name": "mixamorig:RightShoulder"
    },
    {
      "children": [
        14
      ],
      "matrix": [
        0.8932892186068798,
        -0.1306792637564967,
        -0.4300666250068347,
        0,
        0.3633855332997155,
        0.7730990988174503,
        0.5198737708291568,
        0,
        0.2645473986059784,
        -0.6206776244007073,
        0.7380880438396923,
        0,
        -1.6653345369377348e-16,
        0.2183402925729751,
        0,
        1
      ],
      "name": "mixamorig:RightArm"
    },
    {
      "children": [
        15
      ],
      "matrix": [
        0.15445349712644732,
        -0.9319696122285515,
        -0.3279889618691066,
        0,
        0.9862078165669241,
        0.12544334134272772,
        0.10797273107165212,
        0,
        -0.059483273007711834,
        -0.340142043851294,
        0.9384908791442538,
        0,
        -2.220446049250313e-16,
        0.1808520257472992,
        1.1102230246251565e-16,
        1
      ],
      "name": "mixamorig:RightForeArm"
    },
    {
      "matrix": [
        1,
        -5.551115123125783e-17,
        0,
        0,
        1.1102230246251565e-16,
        0.9999999999999999,
        0,
        0,
        0,
        2.7755575615628914e-17,
        1,
        0,
        -1.6653345369377348e-16,
        0.1648839116096497,
        1.1102230246251565e-16,
        1
      ],
      "name": "mixamorig:RightHand"
    },
    {
      "children": [
        17
      ],
      "matrix": [
        -0.8644450358352659,
        -0.46765381300049036,
        0.18448493490219775,
        0,
        0.4695810089458673,
        -0.6200730812418083,
        0.628492680909389,
        0,
        -0.17952285664267598,
        0.629927999937606,
        0.7556204462807112,
        0,
        0.19318795204162598,
        -0.03713792562484741,
        -0.006078481674194336,
        1
      ],
      "name": "mixamorig:LeftUpLeg"
    },
    {
      "children": [
        18
      ],
      "matrix": [
        0.9954967259155031,
        0.04493051015554156,
        -0.08347165955386524,
        0,
        -0.005800727306260661,
        -0.850017928504595,
        -0.5267218172655043,
        0,
        -0.09461828710261075,
        0.5248340408909467,
        -0.8459294351586596,
        0,
        2.220446049250313e-16,
        0.2657306790351867,
        2.0816681711721685e-17,
        1
      ],
      "name": "mixamorig:LeftLeg"
    },
    {
      "children": [
        19
      ],
      "matrix": [
        0.9971892113073805,
        -0.015058224943199167,
        0.07339568593401705,
        0,
        -0.06312365127715477,
        -0.6965570878615135,
        0.714719265165931,
        0,
        0.0403618817896903,
        -0.7173433440211524,
        -0.6955497432153553,
        0,
        2.220446049250313e-16,
        0.2418438196182251,
        -1.0061396160665481e-16,
        1
      ],
      "name": "mixamorig:LeftFoot"
    },
    {
      "children": [
        20
      ],
      "matrix": [
        0.9922072111332474,
        0.08310139926107343,
        0.09283861058867311,
        0,
        -0.07415962532083892,
        0.9926211677448126,
        -0.09593522459033171,
        0,
        -0.10012592145621674,
        0.0883027450636519,
        0.9910486491927465,
        0,
        -1.6653345369377348e-16,
        0.19998480379581457,
        5.551115123125783e-17,
        1
      ],
      "name": "mixamorig:LeftToeBase"
    },
    {
      "matrix": [
        1,
        2.42861286636753e-17,
        0,
        0,
        5.204170427930421e-17,
        1.0000000000000004,
        -2.7755575615628914e-17,
        0,
        -4.163336342344337e-17,
        -2.7755575615628914e-17,
        1,
        0,
        0,
        0.08869749307632446,
        0,
        1
      ],
      "name": "mixamorig:LeftToe_End"
    },
    {
      "children": [
        22
      ],
      "matrix": [
        -0.9710195571240039,
        0.22624968896277953,
        -0.07702011378171816,
        0,
        -0.2314487201862735,
        -0.8098071397107625,
        0.5391139827509668,
        0,
        0.0596029328711207,
        0.5413164275335817,
        0.8387037711107789,
        0,
        -0.193187952041626,
        -0.03713792562484741,
        -0.009876966476440485,
        1
      ],
      "name": "mixamorig:RightUpLeg"
    },
    {
      "children": [
        23
      ],
      "matrix": [
        0.9154905978899871,
        -0.33007046181345995,
        -0.23006619789374416,
        0,
        -0.09226920362761618,
        0.38434193866284466,
        -0.9185682708687529,
        0,
        0.3916163418921119,
        0.8621686403616963,
        0.3214060925681168,
        0,
        0,
        0.26588520407676697,
        2.7755575615628914e-17,
        1
      ],
      "name": "mixamorig:RightLeg"
    },
    {
      "children": [
        24
      ],
      "matrix": [
        0.9195969072123737,
        0.3197836898389016,
        0.22821025384161686,
        0,
        0.053220972489964935,
        -0.6769385918188007,
        0.7341128462257024,
        0,
        0.3892416425983481,
        -0.6629423312923965,
        -0.6395298343689236,
        0,
        0,
        0.24139195680618286,
        -2.0816681711721685e-17,
        1
      ],
      "name": "mixamorig:RightFoot"
    },
    {
      "children": [
        25
      ],
      "matrix": [
        0.9945875195394923,
        -0.05439501864124552,
        -0.08852597315646427,
        0,
        0.06372262372402138,
        0.9923007977377054,
        0.10620053688583672,
        0,
        0.08206761360005083,
        -0.11126683583229902,
        0.9903961823643413,
        0,
        0,
        0.20035010576248166,
        -3.469446951953614e-18,
        1
      ],
      "name": "mixamorig:RightToeBase"
    },
    {
      "matrix": [
        0.9999999999999998,
        2.220446049250313e-16,
        -1.3877787807814457e-17,
        0,
        0,
        0.9999999999999998,
        0,
        0,
        -1.3877787807814457e-17,
        6.938893903907228e-18,
        1,
        0,
        2.7755575615628914e-16,
        0.08879312872886656,
        -3.469446951953614e-18,
        1
      ],
      "name": "mixamorig:RightToe_End"
    }
  ],
  "scene": 0,
  "scenes": [
    {
      "nodes": [
        0,
        1
      ]
    }
  ],
  "skins": [
    {
      "inverseBindMatrices": 6,
      "joints": [
        15,
        24,
        22,
        23,
        1,
        21,
        13,
        12,
        4,
        6,
        5,
        17,
        18,
        19,
        16,
        8,
        9,
        11
      ]
    }
  ],
  "extras": {
    "clayViewerConfig": {
      "preZ": true,
      "materials": [
        {
          "name": "DEFAULT_MAT_0",
          "transparent": false,
          "color": "#cccccc",
          "emission": "#000000",
          "alpha": 1,
          "alphaCutoff": 0,
          "emissionIntensity": 1,
          "uvRepeat": {
            "0": 1,
            "1": 1
          },
          "parallaxOcclusionScale": 0.02,
          "diffuseMap": "",
          "normalMap": "",
          "parallaxOcclusionMap": "",
          "emissiveMap": "",
          "metalness": 0,
          "roughness": 1,
          "metalnessMap": "",
          "roughnessMap": "",
          "type": "pbrMetallicRoughness",
          "targetMeshes": [
            "unamed",
            "unamed"
          ]
        }
      ],
      "takes": [],
      "textureFlipY": false,
      "zUpToYUp": false,
      "shadow": true,
      "environment": "auto",
      "viewControl": {
        "center": [
          0,
          0,
          0
        ],
        "alpha": 20,
        "beta": 30,
        "distance": 35.51191943870415
      },
      "ground": {
        "show": true,
        "grid": false
      },
      "mainLight": {
        "shadow": true,
        "shadowQuality": "medium",
        "intensity": 0.8,
        "color": "#fff",
        "alpha": 45,
        "beta": 45,
        "$padAngle": [
          0.25,
          0.5
        ]
      },
      "secondaryLight": {
        "shadow": true,
        "shadowQuality": "medium",
        "intensity": 0,
        "color": "#fff",
        "alpha": 60,
        "beta": -50,
        "$padAngle": [
          -0.2777777777777778,
          0.6666666666666666
        ]
      },
      "tertiaryLight": {
        "shadow": true,
        "shadowQuality": "medium",
        "intensity": 0,
        "color": "#fff",
        "alpha": 89,
        "beta": 0,
        "$padAngle": [
          0,
          0.9888888888888889
        ]
      },
      "ambientLight": {
        "intensity": 0,
        "color": "#fff"
      },
      "ambientCubemapLight": {
        "texture": "./asset/texture/pisa.hdr",
        "$texture": "pisa",
        "$textureOptions": [
          "pisa",
          "Barce_Rooftop_C",
          "Factory_Catwalk",
          "Grand_Canyon_C",
          "Ice_Lake",
          "Hall",
          "Old_Industrial_Hall"
        ],
        "exposure": 3,
        "diffuseIntensity": 0.3,
        "specularIntensity": 0.5
      },
      "postEffect": {
        "enable": true,
        "bloom": {
          "enable": true,
          "intensity": 0.1
        },
        "depthOfField": {
          "enable": false,
          "focalDistance": 4,
          "focalRange": 1,
          "blurRadius": 5,
          "fstop": 10,
          "quality": "medium",
          "$qualityOptions": [
            "low",
            "medium",
            "high",
            "ultra"
          ]
        },
        "screenSpaceAmbientOcclusion": {
          "enable": false,
          "radius": 1.5,
          "quality": "medium",
          "intensity": 1,
          "$qualityOptions": [
            "low",
            "medium",
            "high",
            "ultra"
          ]
        },
        "screenSpaceReflection": {
          "enable": false,
          "physical": false,
          "quality": "medium",
          "maxRoughness": 0.8,
          "$qualityOptions": [
            "low",
            "medium",
            "high",
            "ultra"
          ]
        },
        "colorCorrection": {
          "enable": true,
          "exposure": 0,
          "brightness": 0,
          "contrast": 1,
          "saturation": 1,
          "lookupTexture": ""
        },
        "FXAA": {
          "enable": false
        }
      }
    }
  },
  "extensionsUsed": [
    "KHR_materials_pbrSpecularGlossiness"
  ]
}